4
4
3
1,1,-1,-2
1
6
1,1,1,-1
2
5
2,-1,3,4
1
10
1,2,-1,-1
y


4
4
3
1,1,-1,-2
1
6
1,1,1,-1
2
5
2,-1,3,4
1
10
-2,3,0,-3
n

V10 (with error)
4
4
3
2,-1,3,4
1
10
1,1,1,-1
2
5
1,2,2,4
2
12
1,2,1,0
y

V10
4
4
3
2,-1,3,4
1
10
1,1,1,-1
1
5
1,2,2,4
1
12
1,2,1,0
y



V11
4
4
3
2,-1,3,4
2
10
1,1,1,-1
1
5
1,2,2,4
1
12
-2,-1,1,1
y










---------------------------

Lab 1C

Test
6
4
4
-2,1,1,3
5
2
-3,2,-3,0
5
7
-3,1,4,1
1
1
-3,2,-2,2
2
9
10,-1,-42,-52
y

Test (full)
4
4
4
-2,1,1,3
5
2
-3,2,-3,0
5
7
-3,1,4,1
1
1
-3,2,-2,2
2
9
10,-1,-42,-52
y


Test2

6
5
3
-1,2,-1,2,1
5
6
1,4,3,2,1
5
9
1,2,0,2,-1
5
2
2,2,1,1,1
y


V10 (normal)

4
4
3
2,-1,3,4
5
10
1,1,1,-1
1
5
1,2,2,4
1
12
1,2,1,0
y


V10 (error)

4
4
3
2,-1,3,4
5
10
1,1,1,-1
2
5
1,2,2,4
2
12
1,2,1,0
y

V10 (normal, zeroes)

6
4
3
2,-1,3,4
5
10
1,1,1,-1
1
5
1,2,2,4
1
12
1,2,1,0
y


PartD

Test
7
3
3
3,2,0
1
10
1,4,0
1
11
3,3,1
1
13
4,5,1
y

V10
7
4
3
2,-1,3,4
1
10
1,1,1,-1
1
5
1,2,2,4
1
12
1,2,1,0
y

V10 (Error)
7
4
3
2,-1,3,4
1
10
1,1,1,-1
2
5
1,2,2,4
2
12
1,2,1,0
y
