4
4
3
1,1,-1,-2
1
6
1,1,1,-1
2
5
2,-1,3,4
1
10
1,2,-1,-1
y


4
4
3
1,1,-1,-2
1
6
1,1,1,-1
2
5
2,-1,3,4
1
10
-2,3,0,-3
n

V10 (with error)
4
4
3
2,-1,3,4
1
10
1,1,1,-1
2
5
1,2,2,4
2
12
1,2,1,0
y

V10
4
4
3
2,-1,3,4
1
10
1,1,1,-1
1
5
1,2,2,4
1
12
1,2,1,0
y



V11
4
4
3
2,-1,3,4
2
10
1,1,1,-1
1
5
1,2,2,4
1
12
-2,-1,1,1
y










---------------------------

Lab 1C

Test
6
4
4
-2,1,1,3
5
2
-3,2,-3,0
5
7
-3,1,4,1
1
1
-3,2,-2,2
2
9
10,-1,-42,-52
y

Test (full)
4
4
4
-2,1,1,3
5
2
-3,2,-3,0
5
7
-3,1,4,1
1
1
-3,2,-2,2
2
9
10,-1,-42,-52
y


Test2

6
5
3
-1,2,-1,2,1
5
6
1,4,3,2,1
5
9
1,2,0,2,-1
5
2
2,2,1,1,1
y


V10 (normal)

4
4
3
2,-1,3,4
5
10
1,1,1,-1
1
5
1,2,2,4
1
12
1,2,1,0
y


V10 (error)

4
4
3
2,-1,3,4
5
10
1,1,1,-1
2
5
1,2,2,4
2
12
1,2,1,0
y

V10 (normal, zeroes)

6
4
3
2,-1,3,4
5
10
1,1,1,-1
1
5
1,2,2,4
1
12
1,2,1,0
y


PartD

Test
7
3
3
3,2,0
1
10
1,4,0
1
11
3,3,1
1
13
4,5,1
y

V10
7
4
3
2,-1,3,4
1
10
1,1,1,-1
1
5
1,2,2,4
1
12
1,2,1,0
y

V10 (Error)
7
4
3
2,-1,3,4
1
10
1,1,1,-1
2
5
1,2,2,4
2
12
1,2,1,0
y



Lab2

Test
4
4
3
1,1,-1,-2
1
6
1,1,1,-1
2
5
2,-1,3,4
1
10
1,2,-1,-1
y

TestZeroes

4
4
4
-3,1,4,1
1
1
3,-2,2,-2
1
-9
-2,1,1,3
5
2
-3,2,-3,0
5
7
10,-1,-42,-52
y

V10
4
4
3
2,-1,3,4
1
10
1,1,1,-1
1
5
1,2,2,4
1
12
1,2,1,0
y


V10 (graphic)
4
2
2
1,2
5
4
1,1
1
3
2,1
y
------------------------
LAB 3

Test
8
50
3
4
2,-1,3,3
-1,2,2,7
1,1,1,2
y

TestSimple
8
0
3
4
4,6,7,5
3,2,8,6
3,1,6,9

Test2x2
8
0
2
2
1,4
6,3
y

Test3x2
8
0
3
2
5,3
2,7
8,1


Test2x4
8
0
2
4
3,2,6,9
10,8,1,3


V10
8
50
3
3
-1,3,-2
3,-1,3
1,2,-3
y

V10 2x2
8
50
2
2
8,14
12,3
y

V10 4x2
8
50
4
2
2,16
6,10
14,20
18,4
y

---------------------------------
LAB 4

Test 1

9
3
4
-1,1,1,4
-1,-2,2,3
3,-1,3,2
0,3
0.2,0.4,0.1,0.3


Test 2

9
3
4
2,-1,3,4
-1,2,3,7
5,4,6,2
0,4
0.4,0.1,0.2,0.3

V10

9
3
4
3,-1,1,4
1,2,-1,1
-2,1,3,5
0,4
0,0,0.5,0.5
N

--------------------------------
LAB 5

Test 1
10
3
3
30,20,50
10,65,25
6,3,2
2,1,5
3,4,1
2


Test 2 (complex loop shape)
10
3
3
120,100,80
90,90,120
7,6,4
3,8,5
2,3,7
2


V10
10
3
4
40,45,25
25,10,35,40
10,9,7,10
5,8,6,11
11,9,7,9
2

V10_Simplex
7
12
7
10,9,7,10,0,0,0,0,0,0,0,0
1
40
0,0,0,0,5,8,6,11,0,0,0,0
1
45
0,0,0,0,0,0,0,0,11,9,7,9
1
25
10,0,0,0,5,0,0,0,11,0,0,0
2
25
0,9,0,0,0,8,0,0,0,9,0,0
2
10
0,0,7,0,0,0,6,0,0,0,7,0
2
35
0,0,0,10,0,0,0,11,0,0,0,9
2
40
10,9,7,10,5,8,6,11,11,9,7,9
n

V10_Simplex
4
12
7
1,1,1,1,0,0,0,0,0,0,0,0
1
40
0,0,0,0,1,1,1,1,0,0,0,0
1
45
0,0,0,0,0,0,0,0,1,1,1,1
1
25
1,0,0,0,1,0,0,0,1,0,0,0
2
25
0,1,0,0,0,1,0,0,0,1,0,0
2
10
0,0,1,0,0,0,1,0,0,0,1,0
2
35
0,0,0,1,0,0,0,1,0,0,0,1
2
40
10,9,7,10,5,8,6,11,11,9,7,9
n

V10_Simplex
4
12
19
1,1,1,1,0,0,0,0,0,0,0,0
1
40
0,0,0,0,1,1,1,1,0,0,0,0
1
45
0,0,0,0,0,0,0,0,1,1,1,1
1
25
1,0,0,0,1,0,0,0,1,0,0,0
2
25
0,1,0,0,0,1,0,0,0,1,0,0
2
10
0,0,1,0,0,0,1,0,0,0,1,0
2
35
0,0,0,1,0,0,0,1,0,0,0,1
2
40
1,0,0,0,0,0,0,0,0,0,0,0
2
0
0,1,0,0,0,0,0,0,0,0,0,0
2
0
0,0,1,0,0,0,0,0,0,0,0,0
2
0
0,0,0,1,0,0,0,0,0,0,0,0
2
0
0,0,0,0,1,0,0,0,0,0,0,0
2
0
0,0,0,0,0,1,0,0,0,0,0,0
2
0
0,0,0,0,0,0,1,0,0,0,0,0
2
0
0,0,0,0,0,0,0,1,0,0,0,0
2
0
0,0,0,0,0,0,0,0,1,0,0,0
2
0
0,0,0,0,0,0,0,0,0,1,0,0
2
0
0,0,0,0,0,0,0,0,0,0,1,0
2
0
0,0,0,0,0,0,0,0,0,0,0,1
2
0
10,9,7,10,5,8,6,11,11,9,7,9
n


RR

Test
11
4
4
1,-1,1,1
1
2
1,1,1,-1
1
2
-1,1,1,1
1
2
1,1,-1,1
1
2
3
1,-8,1,4
y
-1,3,5,1
n
3,1,1,-1
y

V10
11
5
3
1,1,2,0,0
5
4
0,2,2,-1,1
5
6
1,-1,6,1,1
5
12
3
1,1,1,1,1
y
1,-2,1,0,0
y
0,1,-1,0,0
n